[92.4761309,22.7453801],
[92.4769463,22.7458154],
[92.4776919,22.7461172],
[92.4789204,22.74633],
[92.4800362,22.7465674],
[92.4809857,22.746983],
[92.4821444,22.7471314],
[92.4831851,22.7471363],
[92.4858298,22.7467307],
[92.4882008,22.7465229],
[92.4889787,22.7463349],
[92.4896653,22.7460034],
[92.4901535,22.7455829],
[92.4904646,22.7450635],
[92.4905558,22.7443461],
[92.4905773,22.7434704],
[92.4905934,22.7426146],
[92.4907972,22.7416943],
[92.4911137,22.7412788],
[92.4914731,22.7412243],
[92.4920203,22.7416399],
[92.4925836,22.7424365],
[92.4933239,22.7428471],
[92.4939461,22.7428867],
[92.4941178,22.7425206],
[92.4940963,22.7417883],
[92.4940159,22.7411452],
[92.4940963,22.7404179],
[92.4942895,22.7400815],
[92.4948581,22.7398193],
[92.4958451,22.7397451],
[92.4969931,22.7399628],
[92.4976637,22.7399232],
[92.4983396,22.7392206],
[92.4987312,22.7386517],
[92.4994339,22.7378452],
[92.5002171,22.7375088],
[92.5015475,22.7374198],
[92.5022342,22.7374692],
[92.5030656,22.7377958],
[92.5037737,22.738335],
[92.5042673,22.7389832],
[92.504675,22.7392652],
[92.5051363,22.7393072]
