[88.9302356,26.3027953],
[88.9305067,26.3036765],
[88.9305067,26.3048965],
[88.9302356,26.3061843],
[88.9290734,26.3081444],
[88.9282653,26.3095694],
[88.9270961,26.3109471],
[88.9263722,26.3118777],
[88.9259655,26.3123522],
[88.9254233,26.31303],
[88.9247455,26.31364],
[88.9237288,26.3137078],
[88.9231866,26.3143178],
[88.9227799,26.3149278],
[88.9261011,26.3160461],
[88.9256944,26.3169273],
[88.92522,26.3174017],
[88.9250844,26.3178762],
[88.9249488,26.3182829],
[88.924881,26.3188928],
[88.9234442,26.3180795],
[88.9224952,26.3192995],
[88.9210719,26.3209262],
[88.9199874,26.3226207],
[88.9189707,26.3243152],
[88.9183607,26.325603],
[88.9196485,26.3260774],
[88.9205974,26.3260774],
[88.9221564,26.3260097],
[88.923173,26.3263486],
[88.923783,26.3270263],
[88.923173,26.3279753],
[88.9223597,26.3293986],
[88.921343,26.3292631],
[88.921343,26.3300764],
[88.921343,26.3306356],
[88.921343,26.3318387],
[88.9210041,26.3331942],
[88.9210041,26.3340076],
[88.9210041,26.3350921],
[88.9233086,26.3349565],
[88.9252742,26.3350243],
[88.9270364,26.3352276],
[88.9274431,26.3348887],
[88.9274431,26.3339398],
[88.9273076,26.3327876],
[88.9273076,26.3318387],
[88.9273491,26.3316532],
[88.9290698,26.3321776],
[88.9314749,26.3329686],
[88.9337697,26.3336519],
[88.9350602,26.3339085],
[88.9355011,26.334509],
[88.9368253,26.3346683],
[88.9383462,26.3350139],
[88.9385289,26.3343413],
[88.9388996,26.3335642],
[88.9399778,26.3326613],
[88.9411867,26.3314557],
[88.9417158,26.3307801],
[88.9419932,26.3293986],
[88.9420529,26.3280746],
[88.9421998,26.3266504],
[88.9422991,26.3258773],
[88.9422194,26.3251103],
[88.942155,26.3242542],
[88.9421387,26.3230884],
[88.9407956,26.3231629],
[88.93944,26.3231629],
[88.93822,26.3228918],
[88.9378617,26.3226553],
[88.9368832,26.321903],
[88.9363222,26.3211296],
[88.9357799,26.320994],
[88.9354461,26.3205608],
[88.9356215,26.3197474],
[88.9357376,26.3185008],
[88.9360296,26.3167784],
[88.9363476,26.3161081],
[88.9367176,26.315908],
[88.9375313,26.3130229],
[88.9418765,26.315233],
[88.9473759,26.3177872],
[88.9489481,26.3184088],
[88.9491181,26.3178024],
[88.9494035,26.3178455],
[88.9494743,26.3174559],
[88.9498127,26.3174894],
[88.9498747,26.3166984],
[88.9513206,26.3166767],
[88.9516894,26.3166085],
[88.9517128,26.3160936],
[88.951907,26.3161054],
[88.9519884,26.3157662],
[88.9520206,26.3145007],
[88.9522335,26.314503],
[88.9524228,26.3137078],
[88.9524476,26.3132045],
[88.9527193,26.3131291],
[88.9527487,26.3119259],
[88.9530275,26.3118913],
[88.953038,26.3113235],
[88.9531028,26.3109034],
[88.9537016,26.3107857],
[88.9536803,26.3100286],
[88.953777,26.3100217],
[88.9536914,26.3093828],
[88.954887,26.3092515],
[88.9563884,26.3091286],
[88.9563114,26.3083878],
[88.955187,26.3082421],
[88.9532403,26.3079244],
[88.9532256,26.3072749],
[88.9529961,26.3072259],
[88.9529858,26.3067278],
[88.9531204,26.3057247],
[88.9533511,26.3036451],
[88.9541649,26.3036499],
[88.9542597,26.3038436],
[88.9549661,26.3042873],
[88.9556326,26.3048763],
[88.9558847,26.3049228],
[88.9562908,26.3049613],
[88.9582663,26.3044305],
[88.9583579,26.3042704],
[88.9585588,26.3039748],
[88.9596242,26.3039792],
[88.9596162,26.3042448],
[88.959694,26.3042892],
[88.9596671,26.3050417],
[88.9612759,26.3051541],
[88.9612773,26.3052949],
[88.961849,26.305317],
[88.9623778,26.3054257],
[88.962391,26.3050073],
[88.9624793,26.3050122],
[88.9625809,26.3039831],
[88.9638584,26.3041321],
[88.9639872,26.3034181],
[88.9641686,26.3034374],
[88.9643922,26.301067],
[88.9644771,26.3010552],
[88.9644821,26.3008233],
[88.9641788,26.3008132],
[88.9641544,26.3001778],
[88.9633635,26.300211],
[88.9633386,26.2999649],
[88.9629168,26.3000217],
[88.9628394,26.2998293],
[88.9620453,26.2999351],
[88.9610688,26.2999063],
[88.9611634,26.2972021],
[88.9608386,26.2971965],
[88.9608425,26.2964762],
[88.9610039,26.2964731],
[88.9609878,26.2958915],
[88.9608123,26.2958875],
[88.9607931,26.2950428],
[88.961753,26.2950969],
[88.9617716,26.295172],
[88.9628564,26.2954981],
[88.963995,26.2956414],
[88.9654037,26.2953582],
[88.9656344,26.2959314],
[88.9658114,26.2960236],
[88.9664228,26.2959659],
[88.9677209,26.2962545],
[88.9675877,26.2973552],
[88.9685977,26.2972542],
[88.9688814,26.2955601],
[88.9697577,26.2954919],
[88.9696552,26.2948482],
[88.9706133,26.2948333],
[88.9713048,26.294914],
[88.9713312,26.2950428],
[88.9726267,26.2950923],
[88.9726456,26.2951996],
[88.9735094,26.2951447],
[88.9735679,26.2957451],
[88.9757256,26.295383],
[88.9760963,26.2963593],
[88.9758549,26.2964458],
[88.9759998,26.2967921],
[88.9758283,26.296869],
[88.9758285,26.2972345],
[88.9760372,26.2979367],
[88.9764044,26.2980667],
[88.9763318,26.2983697],
[88.9772671,26.298465],
[88.9774289,26.2996798],
[88.9794589,26.2991865],
[88.9795369,26.301222],
[88.9829153,26.3011892],
[88.9829253,26.3009299],
[88.9829266,26.3009009],
[88.9829274,26.3008734],
[88.9829433,26.3004571],
[88.9829248,26.3000212],
[88.9835587,26.2995747],
[88.9836392,26.2980348],
[88.9838563,26.2979866],
[88.9841597,26.2974692],
[88.9845185,26.2972137],
[88.9849867,26.2967262],
[88.9850396,26.2961555],
[88.9850047,26.295598],
[88.9844043,26.295252],
[88.9843078,26.2949531],
[88.9838601,26.2946536],
[88.9836499,26.2943094],
[88.9829126,26.2943282],
[88.9827346,26.2941682],
[88.9829809,26.2941533],
[88.9827365,26.2931349],
[88.9838074,26.2929088],
[88.9835398,26.2908279],
[88.9832886,26.290122],
[88.9830946,26.2888866],
[88.9827639,26.2877812],
[88.98237,26.2877659],
[88.9820989,26.2867864],
[88.9819638,26.2853456],
[88.9815805,26.2841384],
[88.9814654,26.2830321],
[88.9808978,26.2832175],
[88.9799869,26.2832393],
[88.9799782,26.283096],
[88.9784465,26.2837265],
[88.9771178,26.2839264],
[88.9760381,26.2841056],
[88.9758153,26.2837418],
[88.9751643,26.2841672],
[88.9746306,26.2832428],
[88.9738835,26.282729],
[88.9733402,26.2819459],
[88.9739604,26.281523],
[88.9730958,26.2790283],
[88.9724644,26.2783129],
[88.9713404,26.2784631],
[88.9704095,26.2784883],
[88.970137,26.2784017],
[88.9699683,26.2782893],
[88.9694378,26.2777243],
[88.9675336,26.2778196],
[88.9659904,26.2777737],
[88.9648657,26.2776316],
[88.9632869,26.2773085],
[88.9623629,26.2775477],
[88.9604651,26.2770732],
[88.9589061,26.2766665],
[88.9572117,26.2761243],
[88.9563305,26.2757176],
[88.9552461,26.2757176],
[88.9543649,26.2753109],
[88.9535516,26.2748365],
[88.9525891,26.2751076],
[88.9506913,26.2763276],
[88.9491324,26.2776154],
[88.9469635,26.2798521],
[88.9455401,26.2811399],
[88.9447946,26.2824955],
[88.9445234,26.2837833],
[88.944049,26.2850711],
[88.9438456,26.2861556],
[88.9433034,26.28663],
[88.9420834,26.2864945],
[88.9414056,26.2871045],
[88.9399822,26.2881212],
[88.9376778,26.2899512],
[88.9353733,26.2915101],
[88.9332721,26.2925946],
[88.9320521,26.2925946],
[88.9306965,26.2923235],
[88.929612,26.2920524],
[88.9284598,26.2919846],
[88.9276465,26.2925268],
[88.9263587,26.2932046],
[88.9250031,26.2941535],
[88.9243931,26.2948313],
[88.9237153,26.2957124],
[88.9233764,26.2963224],
[88.9235255,26.2970341],
[88.9235255,26.2978475],
[88.9238644,26.2987964],
[88.9243388,26.2998808],
[88.9248811,26.300762],
[88.9255589,26.3014398],
[88.9261011,26.301982],
[88.9268467,26.3018464],
[88.9280667,26.3021176],
[88.9292189,26.302592],
[88.9302356,26.3027953]
